42937
42930
42902
42839
42831
42743
42652
42551
42551
42529
42437
42424
42418
42403
42394
42386
42370
42361
42345
42331
42327
42321
42312
42295
42290
42280
42331
42327
42321
42312
42297
42295
42290
42280
42278
42261
42185
42174
42109
41960
41953
41948
41934
41880
41877
41873
41852
41851
41848
41840
41835
41820
41761
41743
41632
41623
41589
41557
41539
41538
41394
41234
41233
41228
41173
41078
41061
40845
40809
40777
40775
40773
40657
40640
40625
40613
40530
40421
40343
40263
40255
40219
40171
39942
39905
39887
39840
39811
39811
39811
39809
39744
39640
39631
39604
39580
39577
39563
39554
39547
39547
39513
39513
39508
39505
39482
39471
39462
39444
39405
39384
39372
39343
39275
39229
39223
39138
39111